#! FIELDS time rmsd sigma_rmsd height biasf
#! SET multivariate false
#! SET kerneltype stretched-gaussian
                  10002    0.09095954886386626                   0.01      2.105263157894737                     20
                  10004    0.07300783016098357                   0.01      2.087738401546483                     20
                  10006    0.09107852598508674                   0.01      2.001968362753106                     20
                  10008     0.0811357172178179                   0.01      1.942393372460731                     20
                  10010    0.08557371908483341                   0.01      1.857506902489733                     20
                  10012    0.07418214063165428                   0.01      1.883359688977188                     20
                  10014    0.08940548343530265                   0.01      1.782994856940018                     20
                  10016    0.07529866825232653                   0.01      1.776077828799308                     20
                  10018    0.09018319902202343                   0.01      1.708797859641417                     20
                  10020     0.0842139480797455                   0.01      1.610032569682324                     20
                  10022    0.07519470245722625                   0.01       1.66051375808632                     20
                  10024    0.07558135816494661                   0.01      1.598744474916818                     20
                  10026    0.06129726131661789                   0.01      1.931031007668598                     20
                  10028    0.08297534811881688                   0.01      1.481446256287762                     20
                  10030    0.09039320864451297                   0.01      1.541231118838438                     20
                  10032    0.08828852697983999                   0.01      1.451818648187441                     20
                  10034     0.0938469135162087                   0.01      1.549858830054986                     20
                  10036    0.08756852831065735                   0.01      1.363855502881143                     20
                  10038    0.07320766792412876                   0.01      1.494322165432599                     20
                  10040     0.0632613195200038                   0.01      1.763516877786491                     20
                  10042    0.04224241262669812                   0.01      2.082396497281445                     20
                  10044    0.03407716670033394                   0.01      2.040596627062584                     20
                  10046    0.02649099728618726                   0.01      2.017296479117108                     20
                  10048    0.04748885274229233                   0.01      1.928130471064244                     20
                  10050    0.04864402378949482                   0.01      1.854142408687384                     20
                  10052    0.05256005956904874                   0.01      1.778976479101243                     20
                  10054    0.05522238350654039                   0.01      1.706332366149163                     20
                  10056     0.0543249522216519                   0.01      1.653079290857391                     20
                  10058    0.03738149917849044                   0.01      1.775688345747068                     20
                  10060    0.03065590318292163                   0.01      1.813703337994582                     20
                  10062   0.008939487031829256                   0.01      2.075413425174865                     20
                  10064    0.01749920461471728                   0.01      1.926627131857624                     20
                  10066     0.0245893669482405                   0.01      1.778739052383823                     20
                  10068    0.02644288474082424                   0.01      1.697964986492907                     20
                  10070    0.01470866268365988                   0.01      1.809378439531911                     20
                  10072    0.01536401561266373                   0.01      1.734332992430149                     20
                  10074    0.03513942208212081                   0.01      1.586382813226527                     20
                  10076    0.01256815416638714                   0.01      1.718502142935382                     20
                  10078    0.02851922152702441                   0.01      1.524621743296946                     20
                  10080    0.02408330862595986                   0.01      1.492661204426523                     20
                  10082    0.01358907792007719                   0.01      1.597773933235194                     20
                  10084    0.02344137784917804                   0.01      1.424316042498862                     20
                  10086    0.03365122853092274                   0.01      1.430321272056121                     20
                  10088    0.04411574919116408                   0.01      1.505495270655533                     20
                  10090     0.0403406410733474                   0.01      1.425762281287189                     20
                  10092    0.02251568735904014                   0.01      1.355501528312168                     20
                  10094    0.03804437742899312                   0.01      1.354232377479444                     20
                  10096    0.01440378241369182                   0.01      1.461962658690967                     20
                  10098    0.03849046082000415                   0.01      1.320314345268797                     20
                  10100    0.06353940186578939                   0.01      1.527680658970058                     20
                  10102    0.06354949406926426                   0.01      1.481543287833406                     20
                  10104    0.05330756028349358                   0.01      1.434804605656448                     20
                  10106    0.06133680807774747                   0.01      1.419056739535946                     20
                  10108    0.05601459572927787                   0.01         1.374648679661                     20
                  10110    0.05396136866940549                   0.01      1.331806114780273                     20
                  10112    0.04349164596133794                   0.01      1.269213049520157                     20
                  10114    0.04898056524375498                   0.01      1.256838079996401                     20
                  10116    0.06074793671836339                   0.01      1.294020519925739                     20
                  10118    0.06348922656097314                   0.01      1.276136318194635                     20
                  10120    0.06111288406442842                   0.01      1.232022072115673                     20
                  10122    0.06181126753016607                   0.01      1.205477467930091                     20
                  10124    0.06404914149547171                   0.01      1.189106939372148                     20
                  10126    0.05982667228669823                   0.01      1.142873252741468                     20
                  10128    0.06570884219268869                   0.01      1.149016353648346                     20
                  10130    0.03611365607464912                   0.01      1.197604081748897                     20
                  10132    0.03033163253348572                   0.01      1.188001941720846                     20
                  10134    0.02667926113486908                   0.01      1.184929377280988                     20
                  10136    0.02297470938679917                   0.01      1.199754654144862                     20
                  10138     0.0177915301486365                   0.01      1.271460506932953                     20
                  10140   0.008267439968889323                   0.01      1.560085273727477                     20
                  10142    0.01418114328815894                   0.01        1.3060756370225                     20
                  10144    0.02354746769177601                   0.01      1.108755677888512                     20
                  10146    0.01993467493839985                   0.01      1.125227834224878                     20
                  10148    0.04823567987670297                   0.01        1.1236484215383                     20
                  10150    0.04529085513029345                   0.01      1.103969003327552                     20
                  10152    0.05394679030124346                   0.01      1.064680149443729                     20
                  10154    0.07235132269109179                   0.01      1.169830590311174                     20
                  10156    0.05554256106221818                   0.01      1.035875201011905                     20
                  10158    0.05129504595037877                   0.01      1.024948815998207                     20
                  10160    0.02971984748755265                   0.01      1.040127515407829                     20
                  10162    0.01067996171812962                   0.01      1.348302213815797                     20
                  10164    0.05117955395282676                   0.01      1.002502786162191                     20
                  10166     0.0734431475525571                   0.01      1.143008713743541                     20
                  10168    0.06665826472922211                   0.01      1.045809265610419                     20
                  10170    0.03849106830536076                   0.01      1.025373375784218                     20
                  10172    0.02787280533456641                   0.01      1.000186775663029                     20
                  10174    0.01426521886413274                   0.01      1.178886860716073                     20
                  10176    0.01206616267769118                   0.01      1.224451278545544                     20
                  10178    0.01854312727257416                   0.01      1.027712471923892                     20
                  10180    0.03396384618915403                   0.01     0.9729129667164506                     20
                  10182    0.01503608508014155                   0.01      1.078145749972039                     20
                  10184    0.03385357020201219                   0.01     0.9501983905642314                     20
                  10186    0.02899745507571577                   0.01     0.9146009523959451                     20
                  10188    0.01090142575912409                   0.01      1.187731779803123                     20
                  10190    0.06976057997455784                   0.01      1.058284933525031                     20
                  10192    0.09273946791645998                   0.01      1.411912000785489                     20
                  10194    0.09223226367845268                   0.01      1.355885053077335                     20
                  10196     0.0987517818119453                   0.01      1.574937135593557                     20
                  10198    0.09768067379364986                   0.01      1.480566413811592                     20
                  10200    0.08925863985518125                   0.01      1.190017087351105                     20
                  10202     0.0941114296775156                   0.01      1.280317272123352                     20
                  10204    0.09024948355702345                   0.01      1.152330120656198                     20
                  10206    0.09072292316699943                   0.01      1.134847420541501                     20
                  10208    0.08575857005745151                   0.01      1.054543012725839                     20
                  10210    0.08441101917589067                   0.01      1.028733400938393                     20
                  10212    0.09834116236468245                   0.01      1.338041540858502                     20
                  10214    0.09374873746136758                   0.01       1.12322923641149                     20
                  10216    0.09485582075385945                   0.01      1.133773050964468                     20
                  10218    0.08977911608299259                   0.01     0.9922190565267366                     20
                  10220    0.08925745969349232                   0.01     0.9667760715434091                     20
                  10222    0.08944066537403826                   0.01     0.9501422421564546                     20
                  10224    0.08972538058522848                   0.01     0.9354085158745457                     20
                  10226    0.09258817741722433                   0.01     0.9690870470779199                     20
                  10228    0.09779661823114612                   0.01       1.13967882500149                     20
                  10230    0.09287454959018149                   0.01     0.9383076473534961                     20
                  10232    0.08997240791713182                   0.01     0.8729404418338189                     20
                  10234    0.08401014063084328                   0.01     0.8654251609691093                     20
                  10236    0.09676724940485708                   0.01      1.027018595820678                     20
                  10238    0.09808000445060798                   0.01      1.066189832048406                     20
                  10240     0.1035091473646786                   0.01       1.35700662146768                     20
                  10242    0.08988063870418454                   0.01     0.8096038877015985                     20
                  10244    0.09325843341578967                   0.01     0.8436348035585943                     20
                  10246     0.1040873250410123                   0.01      1.336396119793363                     20
                  10248      0.104373710068805                   0.01      1.319175839698332                     20
                  10250    0.09109719459721313                   0.01     0.7766160021749736                     20
                  10252    0.09770123295622458                   0.01     0.9229399729692154                     20
                  10254    0.09174833789014653                   0.01     0.7592326609447183                     20
                  10256    0.09986979953213716                   0.01     0.9907945344446258                     20
                  10258    0.09976693590077407                   0.01     0.9663647903498246                     20
                  10260    0.09849205964190924                   0.01     0.8917628011745141                     20
                  10262     0.1046936541240987                   0.01      1.208148501128581                     20
                  10264    0.09990813985990271                   0.01     0.9177237082213228                     20
                  10266     0.0911090133788621                   0.01     0.6971067225994638                     20
                  10268    0.08311942517497185                   0.01     0.7724741223966416                     20
                  10270      0.074451304554649                   0.01     0.9301987171397569                     20
                  10272    0.07033957156323396                   0.01     0.9489256441005416                     20
                  10274    0.09347175351414118                   0.01     0.6971932109158349                     20
                  10276    0.09421540387137269                   0.01     0.6994097390727599                     20
                  10278    0.09472317945192145                   0.01      0.699145135273649                     20
                  10280     0.1030913028952459                   0.01      1.024891964877992                     20
                  10282     0.0641872414289696                   0.01     0.9356723594565732                     20
                  10284    0.06600316223854212                   0.01      0.919899323218604                     20
                  10286    0.07150536482452299                   0.01     0.8942717954458018                     20
                  10288    0.06881425052437644                   0.01     0.8872218253249448                     20
                  10290    0.01524973408611297                   0.01       1.01630246008886                     20
                  10292     0.0171838675944577                   0.01     0.9528531544589784                     20
                  10294   0.009687677476496688                   0.01      1.172760381027799                     20
                  10296    0.01765232797367774                   0.01     0.9106562001119473                     20
                  10298   0.006652621301314494                   0.01      1.279768777064417                     20
                  10300    0.01296556776983211                   0.01     0.9837797118763206                     20
                  10302    0.02727001074325227                   0.01     0.8490557070510542                     20
                  10304    0.02052536816148671                   0.01     0.8295098175055133                     20
                  10306    0.05043520078889945                   0.01     0.9310199247164666                     20
                  10308     0.0445478447650241                   0.01     0.9328418424433375                     20
                  10310    0.08001862041562413                   0.01     0.7640689621627232                     20
                  10312    0.08378603386825227                   0.01     0.6883811040194807                     20
                  10314    0.04390020760643741                   0.01     0.9157152614029413                     20
                  10316    0.03596058425075545                   0.01     0.8726340482286472                     20
                  10318    0.01216320255871952                   0.01     0.9716476078141542                     20
                  10320    0.01686100599654519                   0.01     0.8376893185784042                     20
                  10322    0.01332601109600557                   0.01     0.9022584139210534                     20
                  10324    0.01059872905580841                   0.01     0.9792477548851716                     20
                  10326    0.06964030827915352                   0.01     0.8541127829362914                     20
                  10328    0.04661142209724829                   0.01     0.8864861958044644                     20
                  10330    0.03958180551490293                   0.01     0.8621406773038518                     20
                  10332    0.03884001980028433                   0.01     0.8444535729007194                     20
                  10334    0.03640757141179581                   0.01      0.819224770748754                     20
                  10336    0.03573284415509408                   0.01     0.8025443620208684                     20
                  10338    0.04206124843536552                   0.01     0.8185781945122056                     20
                  10340    0.04716432629824355                   0.01     0.8221284833197112                     20
